Period f, Period d, overlap percentage
1084.16, 1113.45 93.73
1084.16, 556.725 78.09
1084.16, 371.15000000000003 46.77
1084.16, 278.3625 34.51
1084.16, 222.69 34.74
1084.16, 185.57500000000002 37.61
1084.16, 159.06428571428572 38.96
1084.16, 139.18125 42.3
1084.16, 123.71666666666667 43.3
1084.16, 111.345 41.9
1084.16, 101.22272727272728 42.02
1084.16, 92.78750000000001 42.21
1084.16, 85.65 46.78
1084.16, 79.53214285714286 48.89
1084.16, 74.23 53.16
1084.16, 69.590625 56.78
1084.16, 65.49705882352941 57.5
1084.16, 61.858333333333334 61.18
1084.16, 58.602631578947374 59.4
1084.16, 55.6725 60.72
1084.16, 53.02142857142857 61.83
1084.16, 50.61136363636364 63.28
1084.16, 48.410869565217396 61.96
542.08, 1113.45 56.72
542.08, 556.725 88.95
542.08, 371.15000000000003 85.65
542.08, 278.3625 54.47
542.08, 222.69 43.53
542.08, 185.57500000000002 41.5
542.08, 159.06428571428572 39.31
542.08, 139.18125 43.5
542.08, 123.71666666666667 41.87
542.08, 111.345 42.26
542.08, 101.22272727272728 41.16
542.08, 92.78750000000001 41.88
542.08, 85.65 46.37
542.08, 79.53214285714286 49.17
542.08, 74.23 52.67
542.08, 69.590625 56.91
542.08, 65.49705882352941 58.62
542.08, 61.858333333333334 61.25
542.08, 58.602631578947374 59.51
542.08, 55.6725 61.95
542.08, 53.02142857142857 62.6
542.08, 50.61136363636364 62.6
542.08, 48.410869565217396 61.67
361.3866666666667, 1113.45 34.43
361.3866666666667, 556.725 63.28
361.3866666666667, 371.15000000000003 87.51
361.3866666666667, 278.3625 90.39
361.3866666666667, 222.69 80.75
361.3866666666667, 185.57500000000002 64.67
361.3866666666667, 159.06428571428572 54.71
361.3866666666667, 139.18125 52.14
361.3866666666667, 123.71666666666667 49.89
361.3866666666667, 111.345 47.83
361.3866666666667, 101.22272727272728 47.46
361.3866666666667, 92.78750000000001 47.04
361.3866666666667, 85.65 50.66
361.3866666666667, 79.53214285714286 53.48
361.3866666666667, 74.23 57.73
361.3866666666667, 69.590625 61.07
361.3866666666667, 65.49705882352941 63.28
361.3866666666667, 61.858333333333334 65.55
361.3866666666667, 58.602631578947374 64.05
361.3866666666667, 55.6725 65.39
361.3866666666667, 53.02142857142857 67.39
361.3866666666667, 50.61136363636364 67.39
361.3866666666667, 48.410869565217396 65.11
271.04, 1113.45 37.16
271.04, 556.725 47.82
271.04, 371.15000000000003 77.1
271.04, 278.3625 94.23
271.04, 222.69 94.7
271.04, 185.57500000000002 93.96
271.04, 159.06428571428572 85.04
271.04, 139.18125 73.75
271.04, 123.71666666666667 66.85
271.04, 111.345 63.82
271.04, 101.22272727272728 62.93
271.04, 92.78750000000001 62.7
271.04, 85.65 63.94
271.04, 79.53214285714286 66.98
271.04, 74.23 69.78
271.04, 69.590625 73.08
271.04, 65.49705882352941 74.99
271.04, 61.858333333333334 78.32
271.04, 58.602631578947374 76.42
271.04, 55.6725 78.36
271.04, 53.02142857142857 80.37
271.04, 50.61136363636364 80.05
271.04, 48.410869565217396 78.76
216.83200000000002, 1113.45 43.38
216.83200000000002, 556.725 48.22
216.83200000000002, 371.15000000000003 61.12
216.83200000000002, 278.3625 88.4
216.83200000000002, 222.69 96.18
216.83200000000002, 185.57500000000002 96.26
216.83200000000002, 159.06428571428572 96.65
216.83200000000002, 139.18125 92.62
216.83200000000002, 123.71666666666667 85.23
216.83200000000002, 111.345 80.6
216.83200000000002, 101.22272727272728 76.97
216.83200000000002, 92.78750000000001 75.98
216.83200000000002, 85.65 77.21
216.83200000000002, 79.53214285714286 78.83
216.83200000000002, 74.23 82.28
216.83200000000002, 69.590625 85.35
216.83200000000002, 65.49705882352941 86.65
216.83200000000002, 61.858333333333334 89.34
216.83200000000002, 58.602631578947374 87.83
216.83200000000002, 55.6725 89.76
216.83200000000002, 53.02142857142857 91.31
216.83200000000002, 50.61136363636364 90.62
216.83200000000002, 48.410869565217396 90.25
180.69333333333336, 1113.45 46.89
180.69333333333336, 556.725 48.99
180.69333333333336, 371.15000000000003 53.79
180.69333333333336, 278.3625 74.04
180.69333333333336, 222.69 92.34
180.69333333333336, 185.57500000000002 96.82
180.69333333333336, 159.06428571428572 97.03
180.69333333333336, 139.18125 96.73
180.69333333333336, 123.71666666666667 95.12
180.69333333333336, 111.345 91.43
180.69333333333336, 101.22272727272728 86.67
180.69333333333336, 92.78750000000001 83.63
180.69333333333336, 85.65 82.24
180.69333333333336, 79.53214285714286 82.12
180.69333333333336, 74.23 83.62
180.69333333333336, 69.590625 86.46
180.69333333333336, 65.49705882352941 88.12
180.69333333333336, 61.858333333333334 90.53
180.69333333333336, 58.602631578947374 90.42
180.69333333333336, 55.6725 91.38
180.69333333333336, 53.02142857142857 92.61
180.69333333333336, 50.61136363636364 92.13
180.69333333333336, 48.410869565217396 92.26
154.88000000000002, 1113.45 45.23
154.88000000000002, 556.725 46.94
154.88000000000002, 371.15000000000003 50.02
154.88000000000002, 278.3625 60.4
154.88000000000002, 222.69 80.74
154.88000000000002, 185.57500000000002 93.75
154.88000000000002, 159.06428571428572 97.36
154.88000000000002, 139.18125 96.26
154.88000000000002, 123.71666666666667 96.38
154.88000000000002, 111.345 96.29
154.88000000000002, 101.22272727272728 94.09
154.88000000000002, 92.78750000000001 91.61
154.88000000000002, 85.65 87.77
154.88000000000002, 79.53214285714286 84.66
154.88000000000002, 74.23 83.85
154.88000000000002, 69.590625 86.12
154.88000000000002, 65.49705882352941 86.17
154.88000000000002, 61.858333333333334 88.04
154.88000000000002, 58.602631578947374 87.16
154.88000000000002, 55.6725 88.06
154.88000000000002, 53.02142857142857 88.85
154.88000000000002, 50.61136363636364 88.82
154.88000000000002, 48.410869565217396 89.02
135.52, 1113.45 44.24
135.52, 556.725 45.6
135.52, 371.15000000000003 47.43
135.52, 278.3625 55.11
135.52, 222.69 69.77
135.52, 185.57500000000002 86.51
135.52, 159.06428571428572 95.22
135.52, 139.18125 97.31
135.52, 123.71666666666667 95.62
135.52, 111.345 96.6
135.52, 101.22272727272728 96.51
135.52, 92.78750000000001 95.9
135.52, 85.65 93.89
135.52, 79.53214285714286 91.09
135.52, 74.23 87.3
135.52, 69.590625 87.46
135.52, 65.49705882352941 85.57
135.52, 61.858333333333334 86.14
135.52, 58.602631578947374 85.19
135.52, 55.6725 85.61
135.52, 53.02142857142857 86.12
135.52, 50.61136363636364 85.67
135.52, 48.410869565217396 85.66
120.46222222222224, 1113.45 44.55
120.46222222222224, 556.725 45.76
120.46222222222224, 371.15000000000003 47.71
120.46222222222224, 278.3625 51.93
120.46222222222224, 222.69 63.88
120.46222222222224, 185.57500000000002 79.9
120.46222222222224, 159.06428571428572 89.64
120.46222222222224, 139.18125 96.75
120.46222222222224, 123.71666666666667 97.34
120.46222222222224, 111.345 96.46
120.46222222222224, 101.22272727272728 96.28
120.46222222222224, 92.78750000000001 97.47
120.46222222222224, 85.65 96.72
120.46222222222224, 79.53214285714286 95.22
120.46222222222224, 74.23 93.47
120.46222222222224, 69.590625 91.61
120.46222222222224, 65.49705882352941 88.55
120.46222222222224, 61.858333333333334 87.72
120.46222222222224, 58.602631578947374 86.86
120.46222222222224, 55.6725 85.91
120.46222222222224, 53.02142857142857 84.81
120.46222222222224, 50.61136363636364 84.76
120.46222222222224, 48.410869565217396 83.78
108.41600000000001, 1113.45 48.54
108.41600000000001, 556.725 48.66
108.41600000000001, 371.15000000000003 52.03
108.41600000000001, 278.3625 56.24
108.41600000000001, 222.69 63.96
108.41600000000001, 185.57500000000002 76.13
108.41600000000001, 159.06428571428572 85.99
108.41600000000001, 139.18125 93.48
108.41600000000001, 123.71666666666667 96.93
108.41600000000001, 111.345 97.7
108.41600000000001, 101.22272727272728 96.88
108.41600000000001, 92.78750000000001 97.23
108.41600000000001, 85.65 97.21
108.41600000000001, 79.53214285714286 97.18
108.41600000000001, 74.23 96.64
108.41600000000001, 69.590625 95.3
108.41600000000001, 65.49705882352941 93.99
108.41600000000001, 61.858333333333334 91.04
108.41600000000001, 58.602631578947374 90.13
108.41600000000001, 55.6725 88.5
108.41600000000001, 53.02142857142857 86.43
108.41600000000001, 50.61136363636364 85.66
108.41600000000001, 48.410869565217396 84.93
98.56, 1113.45 52.41
98.56, 556.725 53.42
98.56, 371.15000000000003 55.95
98.56, 278.3625 58.64
98.56, 222.69 65.97
98.56, 185.57500000000002 75.77
98.56, 159.06428571428572 83.1
98.56, 139.18125 90.74
98.56, 123.71666666666667 95.22
98.56, 111.345 97.34
98.56, 101.22272727272728 97.58
98.56, 92.78750000000001 97.07
98.56, 85.65 97.03
98.56, 79.53214285714286 97.41
98.56, 74.23 97.56
98.56, 69.590625 96.95
98.56, 65.49705882352941 96.39
98.56, 61.858333333333334 94.65
98.56, 58.602631578947374 93.7
98.56, 55.6725 91.12
98.56, 53.02142857142857 88.77
98.56, 50.61136363636364 86.43
98.56, 48.410869565217396 85.93
90.34666666666668, 1113.45 59.08
90.34666666666668, 556.725 61.02
90.34666666666668, 371.15000000000003 62.33
90.34666666666668, 278.3625 65.09
90.34666666666668, 222.69 72.49
90.34666666666668, 185.57500000000002 80.24
90.34666666666668, 159.06428571428572 84.69
90.34666666666668, 139.18125 90.03
90.34666666666668, 123.71666666666667 93.53
90.34666666666668, 111.345 96.53
90.34666666666668, 101.22272727272728 97.89
90.34666666666668, 92.78750000000001 98.21
90.34666666666668, 85.65 97.83
90.34666666666668, 79.53214285714286 97.42
90.34666666666668, 74.23 97.23
90.34666666666668, 69.590625 98.05
90.34666666666668, 65.49705882352941 97.76
90.34666666666668, 61.858333333333334 96.64
90.34666666666668, 58.602631578947374 96.42
90.34666666666668, 55.6725 94.54
90.34666666666668, 53.02142857142857 91.98
90.34666666666668, 50.61136363636364 89.09
90.34666666666668, 48.410869565217396 88.26
83.39692307692309, 1113.45 65.07
83.39692307692309, 556.725 64.36
83.39692307692309, 371.15000000000003 66.46
83.39692307692309, 278.3625 69.82
83.39692307692309, 222.69 76.64
83.39692307692309, 185.57500000000002 84.22
83.39692307692309, 159.06428571428572 86.92
83.39692307692309, 139.18125 91.14
83.39692307692309, 123.71666666666667 93.69
83.39692307692309, 111.345 95.43
83.39692307692309, 101.22272727272728 96.93
83.39692307692309, 92.78750000000001 97.95
83.39692307692309, 85.65 98.63
83.39692307692309, 79.53214285714286 97.94
83.39692307692309, 74.23 97.63
83.39692307692309, 69.590625 97.88
83.39692307692309, 65.49705882352941 98.07
83.39692307692309, 61.858333333333334 97.76
83.39692307692309, 58.602631578947374 97.61
83.39692307692309, 55.6725 96.74
83.39692307692309, 53.02142857142857 94.79
83.39692307692309, 50.61136363636364 92.59
83.39692307692309, 48.410869565217396 91.99
77.44000000000001, 1113.45 65.2
77.44000000000001, 556.725 67.66
77.44000000000001, 371.15000000000003 68.13
77.44000000000001, 278.3625 71.58
77.44000000000001, 222.69 78.27
77.44000000000001, 185.57500000000002 85.05
77.44000000000001, 159.06428571428572 88.33
77.44000000000001, 139.18125 92.09
77.44000000000001, 123.71666666666667 93.11
77.44000000000001, 111.345 94.4
77.44000000000001, 101.22272727272728 96.03
77.44000000000001, 92.78750000000001 97.34
77.44000000000001, 85.65 98.34
77.44000000000001, 79.53214285714286 98.58
77.44000000000001, 74.23 98.17
77.44000000000001, 69.590625 97.73
77.44000000000001, 65.49705882352941 98.25
77.44000000000001, 61.858333333333334 98.06
77.44000000000001, 58.602631578947374 98.49
77.44000000000001, 55.6725 97.44
77.44000000000001, 53.02142857142857 96.47
77.44000000000001, 50.61136363636364 94.54
77.44000000000001, 48.410869565217396 93.79
72.27733333333335, 1113.45 65.36
72.27733333333335, 556.725 66.36
72.27733333333335, 371.15000000000003 67.82
72.27733333333335, 278.3625 70.23
72.27733333333335, 222.69 77.08
72.27733333333335, 185.57500000000002 84.95
72.27733333333335, 159.06428571428572 86.37
72.27733333333335, 139.18125 90.27
72.27733333333335, 123.71666666666667 90.96
72.27733333333335, 111.345 92.71
72.27733333333335, 101.22272727272728 93.9
72.27733333333335, 92.78750000000001 95.6
72.27733333333335, 85.65 97.41
72.27733333333335, 79.53214285714286 98.26
72.27733333333335, 74.23 98.12
72.27733333333335, 69.590625 98.09
72.27733333333335, 65.49705882352941 98.13
72.27733333333335, 61.858333333333334 98.04
72.27733333333335, 58.602631578947374 98.37
72.27733333333335, 55.6725 98.42
72.27733333333335, 53.02142857142857 97.56
72.27733333333335, 50.61136363636364 96.53
72.27733333333335, 48.410869565217396 96.23
67.76, 1113.45 64.53
67.76, 556.725 66.2
67.76, 371.15000000000003 66.7
67.76, 278.3625 70.27
67.76, 222.69 77.21
67.76, 185.57500000000002 83.36
67.76, 159.06428571428572 85.8
67.76, 139.18125 89.26
67.76, 123.71666666666667 89.17
67.76, 111.345 89.36
67.76, 101.22272727272728 90.81
67.76, 92.78750000000001 93.05
67.76, 85.65 95.35
67.76, 79.53214285714286 96.86
67.76, 74.23 98.04
67.76, 69.590625 98.32
67.76, 65.49705882352941 98.11
67.76, 61.858333333333334 97.89
67.76, 58.602631578947374 98.3
67.76, 55.6725 98.04
67.76, 53.02142857142857 97.81
67.76, 50.61136363636364 97.62
67.76, 48.410869565217396 97.47
63.77411764705883, 1113.45 63.64
63.77411764705883, 556.725 63.88
63.77411764705883, 371.15000000000003 66.04
63.77411764705883, 278.3625 69.26
63.77411764705883, 222.69 75.4
63.77411764705883, 185.57500000000002 82.48
63.77411764705883, 159.06428571428572 85.2
63.77411764705883, 139.18125 87.86
63.77411764705883, 123.71666666666667 87.74
63.77411764705883, 111.345 87.68
63.77411764705883, 101.22272727272728 88.26
63.77411764705883, 92.78750000000001 90.68
63.77411764705883, 85.65 93.2
63.77411764705883, 79.53214285714286 95.15
63.77411764705883, 74.23 96.77
63.77411764705883, 69.590625 98.0
63.77411764705883, 65.49705882352941 98.11
63.77411764705883, 61.858333333333334 98.07
63.77411764705883, 58.602631578947374 98.15
63.77411764705883, 55.6725 98.14
63.77411764705883, 53.02142857142857 97.79
63.77411764705883, 50.61136363636364 97.92
63.77411764705883, 48.410869565217396 97.99
60.23111111111112, 1113.45 62.69
60.23111111111112, 556.725 62.62
60.23111111111112, 371.15000000000003 63.7
60.23111111111112, 278.3625 67.61
60.23111111111112, 222.69 75.1
60.23111111111112, 185.57500000000002 81.19
60.23111111111112, 159.06428571428572 83.1
60.23111111111112, 139.18125 86.26
60.23111111111112, 123.71666666666667 86.64
60.23111111111112, 111.345 85.81
60.23111111111112, 101.22272727272728 86.31
60.23111111111112, 92.78750000000001 87.35
60.23111111111112, 85.65 90.15
60.23111111111112, 79.53214285714286 92.34
60.23111111111112, 74.23 94.53
60.23111111111112, 69.590625 96.01
60.23111111111112, 65.49705882352941 97.62
60.23111111111112, 61.858333333333334 97.94
60.23111111111112, 58.602631578947374 98.38
60.23111111111112, 55.6725 98.01
60.23111111111112, 53.02142857142857 98.15
60.23111111111112, 50.61136363636364 97.63
60.23111111111112, 48.410869565217396 98.19
57.06105263157895, 1113.45 60.5
57.06105263157895, 556.725 60.99
57.06105263157895, 371.15000000000003 62.75
57.06105263157895, 278.3625 66.6
57.06105263157895, 222.69 74.07
57.06105263157895, 185.57500000000002 80.34
57.06105263157895, 159.06428571428572 82.36
57.06105263157895, 139.18125 86.23
57.06105263157895, 123.71666666666667 86.09
57.06105263157895, 111.345 84.82
57.06105263157895, 101.22272727272728 84.36
57.06105263157895, 92.78750000000001 85.9
57.06105263157895, 85.65 88.14
57.06105263157895, 79.53214285714286 90.39
57.06105263157895, 74.23 92.52
57.06105263157895, 69.590625 94.94
57.06105263157895, 65.49705882352941 96.73
57.06105263157895, 61.858333333333334 97.87
57.06105263157895, 58.602631578947374 97.93
57.06105263157895, 55.6725 98.15
57.06105263157895, 53.02142857142857 97.89
57.06105263157895, 50.61136363636364 97.36
57.06105263157895, 48.410869565217396 97.92
